0 1201503037
1 -326935318
2 919978152
3 2048422557
4 710096921
5 -703979793
6 -416991607
7 218249418
8 402303441
9 -1780276836
10 582820126
11 -825280593
12 -1358429859
13 -986066272
14 -906229031
15 -1002152518
16 -607837683
17 -1671095509
18 -1817053252
19 -153426271
20 -6021009
21 782954217
22 -1561494766
23 502847868
24 -1134479034
25 -1727853516
26 892210278
27 1696949408
28 -211369678
29 -1591058858
30 1775479299
31 1222003153
32 887459669
33 -1809751322
34 -562968914
35 1037637873
36 -1344285645
37 -1584614462
38 -1572910808
39 1122366519
40 -1901630886
41 1311207643
42 -170212316
43 -123257666
44 -1018831342
45 -198863049
46 505048645
47 1870781920
48 47385657
49 -1460192536
50 1998429855
51 -995262536
52 1837374159
53 -316563485
54 -1661618989
55 -211639843
56 -1265518678
57 1477742791
58 -966836709
59 1275503306
60 1014550673
61 1615546874
62 -2091228977
63 2030188984
64 958458002
65 -160826756
66 -1435265763
67 -1599683194
68 1921150824
69 371643999
70 1467967373
71 1396613338
72 659426723
73 -541093968
74 25496508
75 -668299124
76 32750854
77 1355887257
78 280955235
79 963993228
80 -412665131
81 -1054821543
82 963492964
83 124278477
84 290809779
85 -1395244895
86 -1401402780
87 -38160034
88 488214832
89 -2045064980
90 -931823024
91 -1313047925
92 -1893052207
93 271653444
94 -97896708
95 -1562366550
96 785705456
97 -714863779
98 1554364835
99 -2089984555
100 -955496553
101 502523243
102 -1477856776
103 948605404
104 -1665522073
105 700161656
106 1072993494
107 -891292811
108 -1134865999
109 2142898773
110 -1691698186
111 -1045195435
112 487791986
113 -664383271
114 1100271907
115 -1707037916
116 -153954957
117 2063014742
118 -181513012
119 599808811
120 -1458854898
121 1605857532
122 1823364614
123 2092415612
124 1140060703
125 -1523694191
126 177377351
127 -366351089
128 -177975178
129 -1817106208
130 2074375710
131 -1075819917
132 -948578749
133 1933199649
134 -1250385115
135 245008596
136 -620191561
137 -1083545088
138 -782222158
139 -1549838527
140 -113607110
141 -1758810966
142 738230659
143 -1125918542
144 -1193842124
145 1592725200
146 680293021
147 -1039228320
148 -1857701884
149 243023964
150 487807323
151 992938845
152 -414696836
153 -1521076155
154 603278827
155 192481162
156 -1064145899
157 -453736253
158 140857176
159 -456161931
160 1127805286
161 -1947542634
162 -2038437583
163 -2071715024
164 -609470902
165 1063055478
166 1855694281
167 464522061
168 400426021
169 685313860
170 -895366917
171 1066303536
172 -838680307
173 2142026699
174 -108459627
175 -358584340
176 917174072
177 1865650449
178 974535111
179 1983880278
180 -1220120669
181 1893172147
182 110789086
183 1221326170
184 -1704100347
185 -1458827661
186 1373368319
187 -995399756
188 1493978121
189 686425557
190 916066011
191 1733200275
192 -2004933890
193 -140369147
194 308614087
195 -396130620
196 1629285467
197 788388875
198 -1993880750
199 -1964652474
200 1088042865
201 -1022686870
202 -170375065
203 -829252878
204 -1737793284
205 292402730
206 2057289854
207 -1141025683
208 1529724805
209 524023847
210 1665990913
211 182313269
212 -44641950
213 94634341
214 179616937
215 -871431577
216 2026374293
217 794441022
218 1609190700
219 -1953957014
220 1638703976
221 -1170042812
222 -139732232
223 -805855664
224 1591035666
225 1295901945
226 811748152
227 1184582242
228 -1312431791
229 712539024
230 -1046639504
231 53711351
232 305276061
233 -1440355538
234 -615774110
235 -72549789
236 -2143093349
237 -1487997358
238 1441476420
239 1510362442
240 320527192
241 -62609933
242 -72553921
243 -819445290
244 1060265528
245 -2144007636
246 -2047743166
247 690915498
248 -1348648082
249 1193187570
250 2132054358
251 757355711
252 1357790414
253 -1951656465
254 1762633184
255 797776571
256 963932724
257 -297986376
258 30063970
259 1742742078
260 618229634
261 1639696318
262 1716013424
263 1648254157
264 132837182
265 -2014243497
266 219601036
267 -1739499436
268 1708610257
269 1332497534
270 -655177407
271 52348861
272 1778906855
273 1412843654
274 1366988118
275 -563502428
276 768614687
277 -1867340404
278 310299550
279 -414874695
280 190906531
281 276333601
282 -416972769
283 -1901334822
284 1656208595
285 1557616715
286 -761996422
287 687305461
288 -215347169
289 62997468
290 1925855237
291 885864001
292 -466272180
293 310232453
294 -1248172988
295 236059022
296 927593344
297 1745644234
298 623689233
299 1589918660
300 -1096473872
301 -1927065165
302 -830526288
303 1533680889
304 -784554112
305 274653761
306 1881113929
307 852921339
308 789707091
309 1713716347
310 -1294023421
311 -1733661093
312 1128385953
313 -1237326412
314 1759583607
315 1624878398
316 -1711848016
317 -718891509
318 860022657
319 537913755
320 -1119287817
321 -939508976
322 -506462164
323 538486603
324 -1182250453
325 32505052
326 -1322620956
327 -2104066838
328 2122720153
329 -1714054750
330 121017215
331 -1850287707
332 -1693156139
333 1788845919
334 1415820052
335 212019028
336 -428505898
337 -404610119
338 1167868630
339 1172069622
340 1857731949
341 614604885
342 1090868502
343 923468984
344 -767248277
345 -87380893
346 -1644909223
347 -383413146
348 1582123031
349 -427635890
350 100830588
351 674953681
352 979543747
353 -1783364535
354 -1205954122
355 -388533753
356 548979612
357 -3566481
358 1927908766
359 -497803200
360 -322741174
361 -522297862
362 784474433
363 2035682208
364 -1803840877
365 556620538
366 2030414580
367 -321349709
368 -1144151398
369 -406345257
370 227806827
371 1996569751
372 345681154
373 1969515593
374 1223693897
375 736818175
376 1021399761
377 -426491117
378 21661397
379 2020869046
380 1112432179
381 1699333150
382 -982332729
383 2040475057
384 -588255408
385 109684665
386 1221533576
387 530759890
388 1973136446
389 -1958911426
390 2136213473
391 -1009718284
392 -2135589391
393 5539798
394 618001169
395 678416806
396 -1796670322
397 2143763075
398 1162170457
399 -33166444
400 429054311
401 -510752815
402 35218140
403 -552242738
404 -391877607
405 139715135
406 2045380543
407 -620649392
408 1682817212
409 -2091349444
410 -1104003205
411 395205327
412 -432915550
413 1171448978
414 705591579
415 1992794702
416 81154078
417 1018444599
418 -408587019
419 1727855745
420 -1926053990
421 -667667120
422 -874786666
423 1518593176
424 -979797810
425 -1866167037
426 -81532761
427 321438994
428 -1872666521
429 -735447658
430 -806216723
431 -1881585270
432 2051588297
433 1415917445
434 1984107106
435 -51096596
436 -1769232611
437 -1847238043
438 -533903431
439 -275369342
440 -202002081
441 39857323
442 -426365799
443 1740567266
444 1205497444
445 663406383
446 742322284
447 789584892
448 -281136440
449 -1750849265
450 -1876797705
451 1993474560
452 1660666689
453 -435134826
454 375875198
455 -1007816880
456 1513430320
457 -1030053808
458 -1812830808
459 1405376637
460 78924188
461 1480329139
462 -1436344882
463 944922614
464 -1301331250
465 -783875389
466 1620477309
467 -952437682
468 -7490532
469 2099903036
470 2714843
471 -1769866707
472 -364582290
473 -54122906
474 -480009664
475 1899603035
476 1228802034
477 763072800
478 -1931406340
479 -1854895651
480 -1085070849
481 -1149135621
482 -931573296
483 -445494608
484 2094242155
485 -544221024
486 1345312974
487 1458438798
488 -465977150
489 -445710761
490 -2047341140
491 -1865831848
492 1480471680
493 356374921
494 1906428812
495 1977322425
496 778261071
497 803497483
498 2120184942
499 1740862966
500 1152312028
501 -381108525
502 1783513933
503 891979135
504 -2003507696
505 964869070
506 1793734316
507 1807767038
508 -304004220
509 -693308032
510 747943245
511 -1870132103
512 2006544532
513 676758601
514 -1316953052
515 -1186618006
516 -771107325
517 -11182791
518 611071251
519 -1164133924
520 -1940512161
521 -892549798
522 1071303932
523 165701813
524 1543304868
525 1413472038
526 -1971731976
527 -2115356128
528 2020944133
529 1607534008
530 -238316654
531 -359735560
532 560071377
533 -962962553
534 -430460155
535 -2044708838
536 609556024
537 -11079071
538 1503703121
539 1722376384
540 1589963966
541 -727624663
542 270344012
543 1686106230
544 -1750449366
545 -836894928
546 1252657194
547 424840892
548 945476043
549 84271138
550 -151981302
551 1939504973
552 -1771498542
553 -1427887244
554 -107411608
555 -1728428258
556 822464105
557 -1210127086
558 -749662784
559 -752512167
560 -1004692220
561 -440521757
562 730080837
563 1203268410
564 371626157
565 1481434125
566 1130248204
567 -227031406
568 731246509
569 13758377
570 -1190010233
571 -1556643640
572 824003176
573 -2071296001
574 64962660
575 -378414010
576 751500108
577 1428450218
578 -1439998935
579 -49580844
580 1609715181
581 2035520381
582 -2006204921
583 -269111694
584 -868316639
585 1596637626
586 1142001101
587 -1408833754
588 -1060297890
589 -537698606
590 1260104657
591 1779073639
592 1297814385
593 -1855634043
594 -449956325
595 -704457481
596 1466666464
597 1746547889
598 -953616925
599 -1445501786
600 -1739073421
601 -1596160280
602 -949518025
603 -2094199136
604 1910707322
605 173411504
606 -575438862
607 -911633425
608 -5856379
609 -968931347
610 8281761
611 -82682943
612 465640707
613 -658861147
614 -1791782523
615 -1970970208
616 1923312790
617 -421008364
618 -646559163
619 734126999
620 -1181919513
621 -1557683510
622 395202142
623 1399517339
624 -1469729363
625 2054250238
626 200669190
627 -1699967274
628 -1267187683
629 -1917955879
630 1770153938
631 1732006047
632 -1645161355
633 -1387729430
634 1569757815
635 -1614597138
636 -1807875432
637 -17392480
638 78286353
639 -1329762656
640 87465677
641 662265296
642 -1377557010
643 -1087173526
644 459934184
645 -2060164625
646 -249062524
647 -1094716499
648 834348396
649 2091205276
650 1134704111
651 -422986460
652 -242111112
653 -1730128100
654 -966816478
655 573072926
656 -556874628
657 -1981667927
658 924128053
659 -1936376252
660 -91992875
661 432416599
662 -333175732
663 593399286
664 1337955704
665 -1686088341
666 -832251574
667 -1160821437
668 872189988
669 -644112223
670 2070706839
671 1635361246
672 -877593377
673 -1571294546
674 1143678819
675 -1830214527
676 1194512478
677 872758254
678 -1450502795
679 736075947
680 724072462
681 -1384830615
682 1346839381
683 -1917727836
684 -1045142775
685 -557257427
686 580168888
687 -2059260382
688 -1254173412
689 -1992550303
690 -981078500
691 995524466
692 1603762717
693 339569858
694 -1104563334
695 -2102053962
696 7218561
697 -563396103
698 477621803
699 310235153
700 1766079393
701 887598072
702 -2019985859
703 1040548581
704 -1304637543
705 -171118283
706 1324808399
707 -207313210
708 1650454799
709 1985000645
710 101797361
711 44027515
712 1819732489
713 691038606
714 -48769576
715 645394565
716 -1323878583
717 575332205
718 -610765375
719 2041494558
720 -1467847977
721 1663233680
722 320357365
723 930380023
724 186208634
725 889572117
726 -398515957
727 2000524440
728 2069075177
729 1524847688
730 -2127931595
731 605723981
732 1619374638
733 -830499532
734 -2106382004
735 -983991633
736 -558806799
737 584820826
738 299482520
739 -40252896
740 1254159930
741 580089574
742 -1864897199
743 822876353
744 -754373815
745 1506268519
746 -920554622
747 2035242155
748 2008667284
749 329124247
750 -38435141
751 -691130955
752 944086279
753 1095723245
754 -534122372
755 -813925468
756 -1260248129
757 -734850991
758 -357461937
759 -1164524674
760 -1667796813
761 171709816
762 -569145517
763 2118604925
764 2116407097
765 1069120214
766 466627003
767 779043628
768 1683298892
769 -884901477
770 2070556101
771 1125809752
772 -469279076
773 -872657328
774 -771009859
775 -461267421
776 -249110663
777 608540084
778 -120265180
779 983644624
780 -599521414
781 -940534139
782 -983605747
783 -1660454663
784 1690713093
785 -1660988086
786 728543555
787 -1526179360
788 -1567896983
789 -1484634178
790 1127752770
791 1069612255
792 134229890
793 441962251
794 475724300
795 854532003
796 -1640395836
797 -403327206
798 709702882
799 605959948
800 257436548
801 1068371849
802 -172962238
803 -525881754
804 1842596943
805 -78446176
806 -1625170261
807 553147307
808 2129840144
809 1697642812
810 447933860
811 1600998826
812 -1677997367
813 -771962024
814 -575018345
815 -902667517
816 451081172
817 -162360633
818 -1005959850
819 1710211651
820 1225232655
821 1552016518
822 -661426156
823 -1700471711
824 -219958286
825 -255600493
826 329318331
827 1792825134
828 969516586
829 -37678857
830 -710913798
831 72844219
832 -481653589
833 -247150929
834 2003177388
835 1139469063
836 -335246925
837 345739866
838 -264031858
839 708202087
840 643554303
841 -1822402564
842 2081639829
843 193798397
844 -786752475
845 -1066265550
846 -2089818501
847 -384649060
848 -507305855
849 -1663340693
850 -403409833
851 -1480573687
852 644479237
853 2104906112
854 -1690473346
855 -1345323612
856 -1767235495
857 -1082995959
858 819549008
859 -9618279
860 1218171484
861 1755090334
862 20014159
863 -1232733339
864 1046185579
865 19634897
866 -484562283
867 661366432
868 911232643
869 -1172254844
870 -1502525311
871 -226629316
872 -530626179
873 -659877790
874 1148875346
875 -286946576
876 -332406107
877 928304131
878 2077715127
879 1878239153
880 2047830919
881 -732687051
882 1773740416
883 1092746856
884 921091766
885 -1949920553
886 -2116606050
887 1131654753
888 -302149160
889 -554979511
890 -497738190
891 579698648
892 1972298455
893 -1794682941
894 -1426687434
895 -247274312
896 -391130463
897 -1741713484
898 -1102262186
899 1481460779
900 1944036159
901 342863073
902 -411936912
903 -18761792
904 -893357198
905 1858560202
906 1650852399
907 -1626904850
908 -1729658314
909 -1840046011
910 -880182601
911 312032654
912 865054956
913 -1930597754
914 819651728
915 2145481002
916 1912138078
917 2080994234
918 -886543685
919 1562902750
920 1400201132
921 -97475455
922 -855678570
923 1571409924
924 628665236
925 99184829
926 -1054022153
927 -78010945
928 287580333
929 -65746804
930 720814817
931 -712128445
932 -1476878837
933 -1899917383
934 -67323295
935 2137993968
936 602043692
937 1493754891
938 -1446560653
939 961750266
940 235925918
941 2017069723
942 1248867357
943 431219332
944 1353221766
945 -1944455489
946 509431580
947 -1564982536
948 -303297237
949 -905375576
950 7852605
951 1732714760
952 -2139443301
953 1799309718
954 66549818
955 -1052339865
956 -714401587
957 560147426
958 1565730993
959 307272267
960 1164866543
961 672141511
962 -665685981
963 -2056986836
964 -529026274
965 -481007676
966 1386579313
967 -1772114040
968 295130245
969 -357523293
970 -1091705283
971 -137970268
972 259251751
973 -1927749249
974 52781550
975 -531659312
976 2108682897
977 -752029196
978 544925966
979 970347928
980 -709975774
981 596717355
982 -966667034
983 1907411890
984 1182414196
985 -1729226640
986 -82695581
987 -1987562889
988 -566487273
989 -1127272668
990 -153914381
991 1351659449
992 -852365861
993 -1547463156
994 1084798866
995 1796365498
996 -318941705
997 1661242595
998 -473267880
999 -372419319
1000 0.00508933
