10 7.4019e-05
100 0.00564351
1000 0.00863352
5000 0.0254127
10000 0.0912342
100000 0.814414
1000000 6.89652
100000 0.600424
10000 0.114878
5000 0.0625075
1000 0.0178901
1000 0.00508933
1000 0.00505073
10000 0.0505803
1000000 7.63745
1000000 6.60931
1000000 6.65452
100000 0.602873
1000000 6.82181
1000000 5.7202
1000000 5.91438
1000000 6.8819
1000000 6.53088
1000000 6.53016
1000000 5.73587
1000000 7.16458
1000000 6.42261
1000000 6.42097
1000000 5.75299
1000000 5.70204
1000000 6.05432
1000000 6.32591
4000000 23.3001
4000000 24.5143
4000000 27.1664
500 0.00987588
6000 0.187854
60000 1.92801
600000 19.1943
60000 0.328334
600000 3.42044
1000000 5.46116
1000000 5.26318
1000000 5.14037
1000000 5.07506
1000000 5.17978
1000000 5.03724
1000000 6.36326
1000000 5.24052
1000000 6.06276
1000000 5.00982
1000000 6.28797
10 0.000783119
10 0.000122658
10 0.000167272
1000000 5.62567
1000000 6.5871
10000 0.198614
100000 3.24022
1000000 31.3658
5000000 132.668
10000 0.265591
